PS C:\Users\1neon> & C:/Users/1neon/anaconda3/python.exe "c:/Users/1neon/Desktop/Новая папка (2)/### Анализ текста.py"
Число уникальных слов: 5114
Число гласных: 44205
Число согласных: 82044
Число предложений: 218
Длины предложений: [503, 83, 82, 50, 373, 237, 111, 65, 9, 1, 2, 7, 2, 2, 1, 7, 74, 7, 7, 86, 77, 99, 196, 39, 514, 44, 212, 113, 150, 1, 46, 186, 86, 11, 16, 162, 229, 134, 4, 147, 146, 89, 88, 5, 297, 200, 231, 361, 55, 28, 282, 405, 5, 27, 5, 111, 275, 33, 211, 1, 1, 1, 1, 309, 94, 244, 2, 1, 1, 324, 21, 8, 2, 2, 2, 116, 139, 137, 148, 151, 95, 222, 112, 477, 65, 34, 23, 29, 115, 80, 276, 174, 174, 41, 9, 50, 4, 24, 121, 56, 727, 3, 108, 359, 11, 145, 238, 949, 94, 163, 154, 27, 221, 21, 90, 2, 7, 37, 226, 59, 98, 1, 1, 1, 1, 1, 1, 231, 9, 298, 19, 95, 11, 57, 174, 654, 30, 36, 150, 272, 333, 29, 161, 17, 110, 95, 97, 1, 1, 1, 6, 2, 43, 26, 1, 10, 65, 201, 44, 147, 167, 329, 111, 140, 100, 26, 1, 1, 34, 107, 4, 15, 2, 431, 44, 401, 22, 213, 120, 33, 15, 1, 22, 177, 24, 240, 236, 14, 1, 1, 1, 9, 1, 3, 48, 20, 31, 136, 71, 49, 243, 1, 1, 1, 173, 15, 66, 91, 19, 46, 587, 59, 93, 15, 1, 27, 2, 42]

Топ-10 часто встречаемых слов:
'tyler': 677 раз
'marla': 342 раз
'says': 326 раз
'fight': 241 раз
'club': 184 раз
'dont': 147 раз
'said': 138 раз
'im': 135 раз
'guy': 134 раз
'know': 130 раз
PS C:\Users\1neon> 
